0.123009 0.920465 0.124559 
 0.121412 0.944210 0.079560 
 0.107516 0.967223 0.071111 
 0.093621 0.990236 0.062663 
 0.114961 0.881340 0.125453 
 0.101030 0.904412 0.116982 
 0.099490 0.928198 0.072003 
 0.085594 0.951211 0.063554 
 0.071698 0.974224 0.055105 
 0.057802 0.997237 0.046657 
 0.147047 0.797121 0.106689 
 0.133151 0.820134 0.098240 
 0.119255 0.843147 0.089792 
 0.105359 0.866160 0.081343 
 0.091463 0.889173 0.072894 
 0.077567 0.912186 0.064446 
 0.063672 0.935199 0.055997 
 0.049776 0.958212 0.047548 
 0.035880 0.981226 0.039100 
 0.139020 0.758096 0.107581 
 0.125124 0.781109 0.099132 
 0.111228 0.804122 0.090683 
 0.097332 0.827135 0.082235 
 0.071003 0.849234 0.110299 
 0.069541 0.873161 0.065337 
 0.055645 0.896175 0.056888 
 0.041749 0.919188 0.048440 
 0.027853 0.942201 0.039991 
 0.013957 0.965214 0.031542 
 0.000062 0.988227 0.023094 
 0.521047 0.257045 -0.029128 
 0.507456 0.279553 -0.037391 
 0.493865 0.302062 -0.045655 
 0.468608 0.322248 -0.016922 
 0.454981 0.344816 -0.025207 
 0.117098 0.742084 0.100023 
 0.103202 0.765097 0.091575 
 0.089306 0.788110 0.083126 
 0.075410 0.811123 0.074677 
 0.049024 0.833181 0.102723 
 0.047618 0.857150 0.057780 
 0.033723 0.880163 0.049331 
 0.019827 0.903176 0.040883 
 -0.006702 0.925471 0.068841 
 -0.007965 0.949202 0.023985 
 -0.034566 0.971616 0.051900 
 -0.048498 0.994688 0.043429 
 0.540378 0.173860 -0.011729 
 0.526787 0.196368 -0.019993 
 0.513196 0.218876 -0.028256 
 0.499605 0.241384 -0.036519 
 0.486014 0.263893 -0.044783 
 0.460737 0.283979 -0.016047 
 0.447110 0.306546 -0.024333 
 0.084336 0.700471 0.174083 
 0.082772 0.724838 0.129028 
 0.068840 0.747910 0.120557 
 0.079858 0.773215 0.039051 
 0.053488 0.795112 0.067120 
 0.027045 0.817128 0.095146 
 0.013114 0.840200 0.086675 
 0.011800 0.864151 0.041774 
 -0.014750 0.886345 0.069734 
 -0.028681 0.909418 0.061264 
 -0.042613 0.932490 0.052793 
 -0.056545 0.955563 0.044323 
 -0.070476 0.978635 0.035853 
 0.532528 0.135691 -0.010857 
 0.518937 0.158199 -0.019121 
 0.505346 0.180707 -0.027384 
 0.491755 0.203216 -0.035648 
 0.478164 0.225724 -0.043911 
 0.464573 0.248232 -0.052174 
 0.439239 0.268277 -0.023458 
 0.419723 0.289642 -0.013265 
 0.394264 0.309895 0.015374 
 0.380583 0.332552 0.007056 
 0.355016 0.352982 0.035630 
 0.341300 0.375698 0.027290 
 0.327583 0.398414 0.018951 
 0.313867 0.421131 0.010611 
 0.300150 0.443847 0.002271 
 0.114940 0.641022 0.110255 
 0.101044 0.664035 0.101806 
 0.074725 0.685712 0.129922 
 0.060793 0.708785 0.121451 
 0.059357 0.733074 0.076460 
 0.057992 0.757244 0.031513 
 0.031565 0.779100 0.059563 
 0.017669 0.802113 0.051114 
 0.003774 0.825126 0.042666 
 -0.010122 0.848140 0.034217 
 -0.024018 0.871153 0.025768 
 -0.037914 0.894166 0.017319 
 -0.051810 0.917179 0.008871 
 -0.078524 0.939510 0.036746 
 0.507355 0.093141 0.045683 
 0.499502 0.117169 0.018842 
 0.485875 0.139737 0.010557 
 0.472248 0.162304 0.002271 
 0.470313 0.187555 -0.043039 
 0.456722 0.210064 -0.051302 
 0.431367 0.230008 -0.022584 
 0.417741 0.252575 -0.030869 
 0.386361 0.271474 0.016251 
 0.372681 0.294131 0.007933 
 0.359000 0.316788 -0.000385 
 0.333377 0.337177 0.028170 
 0.319660 0.359893 0.019831 
 0.305944 0.382609 0.011491 
 0.280177 0.403236 0.039958 
 0.266425 0.426012 0.031596 
 0.252672 0.448787 0.023235 
 0.220683 0.468696 0.069986 
 0.225168 0.494338 0.006512 
 0.211415 0.517114 -0.001850 
 0.106914 0.601997 0.111147 
 0.093018 0.625010 0.102698 
 0.066677 0.646587 0.130816 
 0.052746 0.669659 0.122345 
 0.051330 0.694049 0.077352 
 0.037434 0.717062 0.068903 
 0.023539 0.740075 0.060454 
 0.009643 0.763088 0.052006 
 -0.004253 0.786102 0.043557 
 -0.018149 0.809115 0.035108 
 -0.032045 0.832128 0.026660 
 -0.045941 0.855141 0.018211 
 -0.072639 0.877312 0.046111 
 -0.086571 0.900384 0.037640 
 -0.100503 0.923457 0.029170 
 0.513118 0.032224 0.054854 
 0.505257 0.056332 0.028001 
 0.491631 0.078899 0.019716 
 0.478004 0.101467 0.011431 
 0.464377 0.124035 0.003146 
 0.450750 0.146603 -0.005139 
 0.437123 0.169170 -0.013425 
 0.423496 0.191738 -0.021710 
 0.409869 0.214306 -0.029995 
 0.390315 0.235600 -0.019810 
 0.364778 0.255711 0.008811 
 0.351098 0.278367 0.000493 
 0.337417 0.301024 -0.007825 
 0.311737 0.321372 0.020711 
 0.298020 0.344088 0.012371 
 0.284304 0.366804 0.004031 
 0.270588 0.389520 -0.004308 
 0.256871 0.412237 -0.012648 
 0.230976 0.432941 0.015755 
 0.211117 0.454740 0.025755 
 0.203471 0.478492 -0.000967 
 0.189719 0.501268 -0.009329 
 0.098887 0.562972 0.112038 
 0.084991 0.585985 0.103589 
 0.071095 0.608998 0.095141 
 0.057200 0.632011 0.086692 
 0.043304 0.655024 0.078243 
 0.041981 0.679396 0.033291 
 0.015512 0.701051 0.061346 
 0.014261 0.725304 0.016437 
 0.000401 0.748257 0.008011 
 -0.013459 0.771211 -0.000416 
 -0.040071 0.793103 0.027551 
 -0.053967 0.816116 0.019102 
 -0.067863 0.839129 0.010654 
 -0.094618 0.861259 0.038534 
 -0.108550 0.884331 0.030063 
 0.590522 -0.113865 0.041339 
 0.576931 -0.091357 0.033075 
 0.563340 -0.068849 0.024812 
 0.549749 -0.046340 0.016548 
 0.524640 -0.027073 0.045446 
 0.505236 -0.006096 0.055730 
 0.491591 0.016501 0.047434 
 0.483759 0.040630 0.020590 
 0.470133 0.063198 0.012305 
 0.456506 0.085765 0.004020 
 0.442879 0.108333 -0.004265 
 0.429252 0.130901 -0.012550 
 0.415625 0.153468 -0.020836 
 0.401998 0.176036 -0.029121 
 0.388371 0.198604 -0.037406 
 0.368788 0.219878 -0.027231 
 0.343195 0.239947 0.001371 
 0.329515 0.262603 -0.006947 
 0.315834 0.285260 -0.015265 
 0.290097 0.305567 0.013251 
 0.276381 0.328283 0.004911 
 0.262664 0.350999 -0.003428 
 0.248948 0.373715 -0.011768 
 0.235231 0.396431 -0.020108 
 0.203163 0.416068 0.026638 
 0.189392 0.438873 0.018266 
 0.175622 0.461679 0.009893 
 0.149509 0.482609 0.038180 
 0.117135 0.502750 0.084742 
 0.090860 0.523947 0.112930 
 0.076965 0.546960 0.104481 
 0.063069 0.569973 0.096032 
 0.049173 0.592987 0.087583 
 0.035277 0.616000 0.079135 
 0.021381 0.639013 0.070686 
 0.007485 0.662026 0.062237 
 -0.006410 0.685039 0.053789 
 -0.007605 0.709333 0.008900 
 -0.021465 0.732287 0.000473 
 -0.048098 0.754078 0.028443 
 -0.061994 0.777091 0.019994 
 -0.075890 0.800105 0.011545 
 -0.089785 0.823118 0.003097 
 0.571276 -0.155613 0.079461 
 0.569081 -0.129526 0.033947 
 0.555490 -0.107017 0.025684 
 0.541899 -0.084509 0.017420 
 0.528308 -0.062001 0.009157 
 0.503142 -0.042775 0.038035 
 0.489515 -0.020207 0.029750 
 0.475888 0.002361 0.021464 
 0.462261 0.024928 0.013179 
 0.448634 0.047496 0.004894 
 0.435008 0.070064 -0.003391 
 0.421381 0.092631 -0.011676 
 0.407754 0.115199 -0.019961 
 0.394127 0.137767 -0.028246 
 0.380500 0.160334 -0.036532 
 0.366873 0.182902 -0.044817 
 0.347262 0.204155 -0.034652 
 0.321612 0.224183 -0.006069 
 0.307932 0.246840 -0.014387 
 0.282175 0.267046 0.014131 
 0.268458 0.289762 0.005791 
 0.254741 0.312478 -0.002548 
 0.241025 0.335194 -0.010888 
 0.227308 0.357910 -0.019228 
 0.201336 0.378473 0.009158 
 0.181438 0.400201 0.019149 
 0.167668 0.423006 0.010777 
 0.153897 0.445811 0.002404 
 0.115329 0.464784 0.067310 
 0.082834 0.484922 0.113821 
 0.068938 0.507936 0.105372 
 0.055042 0.530949 0.096924 
 0.041146 0.553962 0.088475 
 0.027251 0.576975 0.080026 
 0.013355 0.599988 0.071578 
 0.012109 0.624502 0.026643 
 -0.001751 0.647455 0.018216 
 -0.015611 0.670409 0.009789 
 -0.029471 0.693363 0.001362 
 -0.043331 0.716317 -0.007065 
 -0.057191 0.739270 -0.015492 
 -0.071051 0.762224 -0.023919 
 -0.097812 0.784093 0.003988 
 0.574821 -0.190203 0.043082 
 0.561230 -0.167694 0.034819 
 0.547639 -0.145186 0.026556 
 0.534048 -0.122678 0.018292 
 0.520457 -0.100170 0.010029 
 0.506866 -0.077661 0.001766 
 0.493275 -0.055153 -0.006498 
 0.468017 -0.035909 0.022339 
 0.454390 -0.013341 0.014054 
 0.440763 0.009227 0.005768 
 0.427136 0.031794 -0.002517 
 0.413509 0.054362 -0.010802 
 0.399883 0.076930 -0.019087 
 0.386256 0.099497 -0.027372 
 0.372629 0.122065 -0.035657 
 0.359002 0.144633 -0.043943 
 0.345375 0.167201 -0.052228 
 0.325736 0.188433 -0.042072 
 0.300029 0.208419 -0.013510 
 0.286349 0.231076 -0.021827 
 0.272668 0.253733 -0.030145 
 0.246818 0.273957 -0.001668 
 0.233102 0.296673 -0.010008 
 0.219385 0.319389 -0.018348 
 0.205669 0.342105 -0.026687 
 0.179640 0.362626 0.001679 
 0.159714 0.384334 0.011660 
 0.133559 0.405062 0.039952 
 0.119753 0.427927 0.031557 
 0.087263 0.447855 0.078093 
 0.060911 0.468911 0.106264 
 0.047016 0.491924 0.097815 
 0.033120 0.514937 0.089367 
 0.019224 0.537950 0.080918 
 0.005328 0.560963 0.072469 
 -0.008568 0.583976 0.064020 
 -0.022464 0.606989 0.055572 
 -0.036359 0.630002 0.047123 
 -0.050255 0.653016 0.038674 
 -0.064151 0.676029 0.030226 
 -0.078047 0.699042 0.021777 
 -0.091943 0.722055 0.013328 
 -0.092917 0.746254 -0.031456 
 0.555534 -0.232152 0.081209 
 0.541907 -0.209584 0.072924 
 0.539789 -0.183355 0.027428 
 0.526198 -0.160847 0.019164 
 0.512606 -0.138338 0.010901 
 0.499016 -0.115830 0.002638 
 0.497076 -0.089897 -0.042749 
 0.471834 -0.070813 -0.013889 
 0.458242 -0.048305 -0.022153 
 0.444651 -0.025797 -0.030416 
 0.431060 -0.003289 -0.038679 
 0.405638 0.016092 -0.009928 
 0.392011 0.038660 -0.018213 
 0.378384 0.061228 -0.026498 
 0.364758 0.083795 -0.034783 
 0.351131 0.106363 -0.043068 
 0.337504 0.128931 -0.051354 
 0.323877 0.151499 -0.059639 
 0.310250 0.174066 -0.067924 
 0.278447 0.192656 -0.020950 
 0.264766 0.215312 -0.029268 
 0.251085 0.237969 -0.037585 
 0.225179 0.258152 -0.009128 
 0.211462 0.280868 -0.017468 
 0.197746 0.303584 -0.025807 
 0.184029 0.326300 -0.034147 
 0.170313 0.349016 -0.042487 
 0.144192 0.369555 -0.014161 
 0.124219 0.391272 -0.004201 
 0.097972 0.412019 0.024049 
 0.071654 0.432884 0.052255 
 0.038989 0.452899 0.098707 
 0.025093 0.475912 0.090258 
 0.011197 0.498925 0.081809 
 -0.002698 0.521938 0.073361 
 -0.016594 0.544952 0.064912 
 -0.030490 0.567965 0.056463 
 -0.031623 0.592561 0.011567 
 -0.045483 0.615515 0.003140 
 -0.059343 0.638468 -0.005287 
 -0.086073 0.660017 0.022668 
 -0.099969 0.683030 0.014220 
 -0.113865 0.706043 0.005771 
 0.572711 -0.289049 0.053090 
 0.547663 -0.270422 0.082083 
 0.545529 -0.244032 0.036563 
 0.531938 -0.221524 0.028300 
 0.518347 -0.199015 0.020036 
 0.504756 -0.176507 0.011773 
 0.491165 -0.153999 0.003509 
 0.477574 -0.131490 -0.004754 
 0.475691 -0.105516 -0.050121 
 0.450392 -0.086474 -0.021281 
 0.436801 -0.063965 -0.029544 
 0.423210 -0.041457 -0.037807 
 0.397767 -0.022177 -0.009053 
 0.384140 0.000391 -0.017339 
 0.370513 0.022958 -0.025624 
 0.356886 0.045526 -0.033909 
 0.343260 0.068094 -0.042194 
 0.329633 0.090661 -0.050479 
 0.316006 0.113229 -0.058764 
 0.302379 0.135797 -0.067050 
 0.288752 0.158365 -0.075335 
 0.275125 0.180932 -0.083620 
 0.243183 0.199548 -0.036708 
 0.229502 0.222205 -0.045026 
 0.215822 0.244862 -0.053344 
 0.189823 0.265063 -0.024927 
 0.176106 0.287779 -0.033267 
 0.162390 0.310495 -0.041607 
 0.148673 0.333211 -0.049946 
 0.134957 0.355928 -0.058286 
 0.108743 0.376484 -0.030002 
 0.076191 0.396111 0.016541 
 0.049816 0.416935 0.044727 
 0.035974 0.439859 0.036311 
 0.022132 0.462783 0.027895 
 0.008290 0.485707 0.019479 
 -0.005552 0.508631 0.011063 
 -0.038517 0.528940 0.057355 
 -0.052413 0.551953 0.048906 
 -0.053489 0.576591 0.004030 
 -0.067348 0.599544 -0.004397 
 -0.081208 0.622498 -0.012824 
 -0.107996 0.644005 0.015111 
 -0.121892 0.667018 0.006663 
 -0.135787 0.690031 -0.001786 
 0.551270 -0.304709 0.045698 
 0.537678 -0.282201 0.037435 
 0.524088 -0.259692 0.029172 
 0.510496 -0.237184 0.020908 
 0.496906 -0.214676 0.012645 
 0.483315 -0.192168 0.004381 
 0.469723 -0.169659 -0.003882 
 0.456133 -0.147151 -0.012145 
 0.442541 -0.124642 -0.020409 
 0.428950 -0.102134 -0.028672 
 0.415359 -0.079626 -0.036936 
 0.401768 -0.057118 -0.045199 
 0.388177 -0.034609 -0.053462 
 0.362642 -0.015311 -0.024750 
 0.349015 0.007257 -0.033035 
 0.335388 0.029824 -0.041320 
 0.321761 0.052392 -0.049605 
 0.308135 0.074960 -0.057890 
 0.294508 0.097527 -0.066175 
 0.280881 0.120095 -0.074461 
 0.267254 0.142663 -0.082746 
 0.247512 0.163863 -0.072631 
 0.221600 0.183785 -0.044148 
 0.207919 0.206442 -0.052466 
 0.181900 0.226542 -0.024047 
 0.168183 0.249258 -0.032387 
 0.142057 0.269536 -0.004035 
 0.140750 0.294690 -0.049066 
 0.127034 0.317406 -0.057406 
 0.100799 0.337863 -0.029120 
 0.080770 0.359538 -0.019179 
 0.054410 0.380202 0.009032 
 0.027979 0.400985 0.037199 
 -0.004856 0.420876 0.083592 
 -0.018752 0.443889 0.075144 
 -0.013548 0.469757 0.011951 
 -0.027390 0.492681 0.003535 
 -0.041232 0.515605 -0.004881 
 -0.055074 0.538529 -0.013297 
 -0.075354 0.560620 -0.003508 
 -0.089214 0.583574 -0.011935 
 -0.103074 0.606528 -0.020362 
 -0.129918 0.627994 0.007554 
 -0.143814 0.651007 -0.000895 
 0.543419 -0.342878 0.046570 
 0.529828 -0.320370 0.038307 
 0.516237 -0.297861 0.030043 
 0.491040 -0.279257 0.058976 
 0.489055 -0.252844 0.013517 
 0.475464 -0.230336 0.005253 
 0.461873 -0.207828 -0.003010 
 0.448282 -0.185320 -0.011273 
 0.434691 -0.162811 -0.019537 
 0.421100 -0.140303 -0.027800 
 0.407509 -0.117795 -0.036064 
 0.393918 -0.095286 -0.044327 
 0.380327 -0.072778 -0.052590 
 0.366736 -0.050270 -0.060854 
 0.341144 -0.031013 -0.032160 
 0.327517 -0.008445 -0.040446 
 0.313890 0.014122 -0.048731 
 0.300263 0.036690 -0.057016 
 0.286636 0.059258 -0.065301 
 0.273010 0.081826 -0.073586 
 0.259383 0.104393 -0.081872 
 0.245756 0.126961 -0.090157 
 0.225985 0.148141 -0.080051 
 0.200017 0.168021 -0.051588 
 0.186336 0.190678 -0.059906 
 0.160260 0.210737 -0.031507 
 0.146544 0.233453 -0.039847 
 0.120360 0.253690 -0.011515 
 0.106608 0.276465 -0.019876 
 0.092856 0.299241 -0.028237 
 0.079103 0.322016 -0.036599 
 0.065351 0.344792 -0.044960 
 0.019983 0.362111 0.038087 
 -0.012882 0.381851 0.084484 
 -0.026778 0.404864 0.076035 
 -0.040674 0.427877 0.067586 
 -0.054570 0.450890 0.059138 
 -0.068466 0.473903 0.050689 
 -0.082362 0.496916 0.042240 
 -0.096257 0.519930 0.033792 
 -0.097220 0.544650 -0.011046 
 -0.124049 0.565956 0.016894 
 -0.137945 0.588969 0.008446 
 -0.151841 0.611982 -0.000003 
 -0.165736 0.634995 -0.008452 
 0.535569 -0.381047 0.047442 
 0.521977 -0.358538 0.039179 
 0.508387 -0.336030 0.030915 
 0.494795 -0.313521 0.022652 
 0.481205 -0.291013 0.014389 
 0.467613 -0.268505 0.006125 
 0.454023 -0.245997 -0.002138 
 0.440431 -0.223488 -0.010401 
 0.426840 -0.200980 -0.018665 
 0.413249 -0.178472 -0.026928 
 0.399658 -0.155963 -0.035192 
 0.386067 -0.133455 -0.043455 
 0.372476 -0.110947 -0.051718 
 0.358885 -0.088439 -0.059982 
 0.345294 -0.065930 -0.068245 
 0.319646 -0.046715 -0.039571 
 0.306019 -0.024147 -0.047857 
 0.292392 -0.001579 -0.056142 
 0.278765 0.020988 -0.064427 
 0.265138 0.043556 -0.072712 
 0.251511 0.066124 -0.080997 
 0.237884 0.088692 -0.089283 
 0.224258 0.111259 -0.097568 
 0.204459 0.132418 -0.087472 
 0.190814 0.155015 -0.095768 
 0.164753 0.174914 -0.067346 
 0.138621 0.194931 -0.038967 
 0.124904 0.217648 -0.047306 
 0.098664 0.237843 -0.018994 
 0.084912 0.260619 -0.027355 
 0.071159 0.283394 -0.035717 
 0.057407 0.306170 -0.044078 
 0.011987 0.323238 0.038975 
 -0.008206 0.345050 0.048832 
 -0.022066 0.368004 0.040405 
 -0.061475 0.386748 0.104978 
 -0.062596 0.411866 0.060029 
 -0.076492 0.434878 0.051581 
 -0.090388 0.457892 0.043132 
 -0.104284 0.480905 0.034683 
 -0.118180 0.503918 0.026234 
 -0.132076 0.526931 0.017786 
 -0.145971 0.549944 0.009337 
 -0.159867 0.572957 0.000888 
 0.527718 -0.419215 0.048314 
 0.514127 -0.396707 0.040051 
 0.512148 -0.370033 -0.005435 
 0.486945 -0.351690 0.023524 
 0.473354 -0.329182 0.015261 
 0.459763 -0.306674 0.006997 
 0.446172 -0.284165 -0.001266 
 0.432581 -0.261657 -0.009530 
 0.418990 -0.239149 -0.017793 
 0.405399 -0.216640 -0.026056 
 0.391808 -0.194132 -0.034320 
 0.378217 -0.171624 -0.042583 
 0.364626 -0.149116 -0.050846 
 0.351035 -0.126607 -0.059110 
 0.337444 -0.104099 -0.067373 
 0.311775 -0.084984 -0.038697 
 0.298148 -0.062416 -0.046982 
 0.284521 -0.039849 -0.055268 
 0.270894 -0.017281 -0.063553 
 0.257267 0.005287 -0.071838 
 0.243640 0.027854 -0.080123 
 0.230013 0.050422 -0.088408 
 0.216386 0.072990 -0.096693 
 0.202759 0.095558 -0.104979 
 0.182932 0.116696 -0.094893 
 0.156851 0.136493 -0.066469 
 0.143170 0.159150 -0.074786 
 0.116981 0.179126 -0.046426 
 0.103265 0.201843 -0.054766 
 0.076968 0.221997 -0.026473 
 0.063216 0.244772 -0.034834 
 0.049463 0.267548 -0.043196 
 0.029367 0.289131 -0.033273 
 -0.009850 0.307288 0.031447 
 -0.030072 0.329079 0.041294 
 -0.043932 0.352033 0.032867 
 -0.083454 0.370695 0.097401 
 -0.097386 0.393767 0.088930 
 -0.098415 0.418867 0.044023 
 -0.112311 0.441880 0.035575 
 -0.139181 0.462984 0.063519 
 -0.153112 0.486057 0.055048 
 -0.167044 0.509129 0.046578 
 -0.180976 0.532202 0.038108 
 -0.194907 0.555274 0.029637 
 0.531428 -0.452999 0.011918 
 0.506276 -0.434876 0.040923 
 0.492686 -0.412367 0.032659 
 0.490763 -0.385652 -0.012807 
 0.465504 -0.367351 0.016133 
 0.451912 -0.344842 0.007869 
 0.438321 -0.322334 -0.000394 
 0.424730 -0.299826 -0.008658 
 0.411139 -0.277318 -0.016921 
 0.397548 -0.254809 -0.025184 
 0.383957 -0.232301 -0.033448 
 0.370366 -0.209793 -0.041711 
 0.356775 -0.187284 -0.049974 
 0.343184 -0.164776 -0.058238 
 0.329593 -0.142268 -0.066501 
 0.316002 -0.119760 -0.074765 
 0.302411 -0.097251 -0.083028 
 0.276650 -0.078118 -0.054393 
 0.263023 -0.055551 -0.062678 
 0.249396 -0.032983 -0.070964 
 0.235769 -0.010415 -0.079249 
 0.222142 0.012153 -0.087534 
 0.208515 0.034720 -0.095819 
 0.194888 0.057288 -0.104104 
 0.181261 0.079856 -0.112390 
 0.161406 0.100973 -0.102313 
 0.135268 0.120730 -0.073909 
 0.109058 0.140605 -0.045546 
 0.095342 0.163321 -0.053886 
 0.081625 0.186037 -0.062226 
 0.055272 0.206150 -0.033952 
 0.041520 0.228926 -0.042314 
 0.027767 0.251702 -0.050675 
 0.014015 0.274477 -0.059036 
 -0.031688 0.291338 0.023919 
 -0.045530 0.314262 0.015503 
 -0.065798 0.336063 0.025329 
 -0.092545 0.356829 0.053363 
 -0.106441 0.379842 0.044915 
 -0.120337 0.402855 0.036466 
 -0.134233 0.425868 0.028017 
 -0.161160 0.446931 0.055942 
 -0.175091 0.470004 0.047472 
 -0.189023 0.493076 0.039001 
 -0.202955 0.516149 0.030531 
 -0.216886 0.539221 0.022060 
 0.512017 -0.495553 0.050058 
 0.510043 -0.468618 0.004546 
 0.484835 -0.450536 0.033531 
 0.471244 -0.428028 0.025268 
 0.475240 -0.399147 -0.038770 
 0.461703 -0.376728 -0.047000 
 0.448166 -0.354309 -0.055231 
 0.428712 -0.333925 -0.044903 
 0.415157 -0.311476 -0.053145 
 0.389698 -0.292978 -0.024312 
 0.376107 -0.270470 -0.032576 
 0.362516 -0.247961 -0.040839 
 0.348925 -0.225453 -0.049102 
 0.335334 -0.202945 -0.057366 
 0.321743 -0.180437 -0.065629 
 0.308152 -0.157928 -0.073893 
 0.294561 -0.135420 -0.082156 
 0.280970 -0.112912 -0.090419 
 0.255152 -0.093820 -0.061804 
 0.241525 -0.071252 -0.070089 
 0.227898 -0.048685 -0.078375 
 0.214271 -0.026117 -0.086660 
 0.200644 -0.003549 -0.094945 
 0.187017 0.019018 -0.103230 
 0.173390 0.041586 -0.111515 
 0.159763 0.064154 -0.119800 
 0.139880 0.085251 -0.109734 
 0.113685 0.104966 -0.081349 
 0.087419 0.124800 -0.053006 
 0.073702 0.147516 -0.061346 
 0.047328 0.167528 -0.033070 
 0.033576 0.190304 -0.041431 
 0.019824 0.213079 -0.049793 
 0.006071 0.235855 -0.058154 
 -0.014081 0.257397 -0.048251 
 -0.053525 0.275389 0.016391 
 -0.067367 0.298313 0.007975 
 -0.087664 0.320093 0.017792 
 -0.114468 0.340817 0.045806 
 -0.128364 0.363831 0.037358 
 -0.142259 0.386843 0.028909 
 -0.156155 0.409857 0.020460 
 -0.170051 0.432870 0.012011 
 -0.170824 0.457815 -0.032770 
 -0.184684 0.480769 -0.041197 
 -0.198543 0.503722 -0.049624 
 -0.238865 0.523168 0.014484 
 0.478937 -0.515740 0.079918 
 0.476984 -0.488705 0.034403 
 0.463393 -0.466197 0.026140 
 0.461548 -0.439340 -0.019309 
 0.447993 -0.416890 -0.027550 
 0.440346 -0.392327 -0.054363 
 0.426809 -0.369907 -0.062593 
 0.413272 -0.347488 -0.070824 
 0.399735 -0.325069 -0.079055 
 0.380217 -0.304646 -0.068758 
 0.366662 -0.282197 -0.077000 
 0.353107 -0.259748 -0.085241 
 0.327483 -0.241114 -0.056494 
 0.313892 -0.218605 -0.064757 
 0.300301 -0.196097 -0.073021 
 0.286710 -0.173589 -0.081284 
 0.273119 -0.151080 -0.089547 
 0.259528 -0.128572 -0.097811 
 0.245937 -0.106064 -0.106074 
 0.220027 -0.086954 -0.077500 
 0.206400 -0.064386 -0.085785 
 0.192773 -0.041819 -0.094071 
 0.179146 -0.019251 -0.102356 
 0.165519 0.003317 -0.110641 
 0.151892 0.025885 -0.118926 
 0.138265 0.048452 -0.127211 
 0.118353 0.069528 -0.117155 
 0.092102 0.089202 -0.088789 
 0.065779 0.108995 -0.060466 
 0.052063 0.131711 -0.068806 
 0.025632 0.151682 -0.040549 
 0.011880 0.174458 -0.048910 
 -0.001873 0.197233 -0.057272 
 -0.022036 0.218725 -0.047368 
 -0.048663 0.239023 -0.019230 
 -0.075363 0.259439 0.008863 
 -0.089205 0.282363 0.000447 
 -0.109530 0.304122 0.010254 
 -0.136390 0.324806 0.038249 
 -0.150286 0.347819 0.029800 
 -0.164182 0.370832 0.021352 
 -0.178078 0.393845 0.012903 
 -0.178829 0.418891 -0.031881 
 -0.192689 0.441845 -0.040307 
 -0.206549 0.464798 -0.048734 
 -0.220409 0.487752 -0.057161 
 0.457439 -0.531442 0.072507 
 0.443812 -0.508874 0.064222 
 0.430185 -0.486306 0.055937 
 0.428361 -0.459349 0.010485 
 0.426608 -0.432510 -0.034922 
 0.413053 -0.410061 -0.043164 
 0.399498 -0.387612 -0.051405 
 0.391915 -0.363087 -0.078186 
 0.372387 -0.342714 -0.067889 
 0.358832 -0.320265 -0.076130 
 0.345277 -0.297816 -0.084372 
 0.319633 -0.279282 -0.055622 
 0.306042 -0.256774 -0.063885 
 0.292451 -0.234266 -0.072149 
 0.278860 -0.211757 -0.080412 
 0.265269 -0.189249 -0.088676 
 0.239409 -0.170359 -0.060056 
 0.225782 -0.147791 -0.068341 
 0.212155 -0.125224 -0.076626 
 0.192340 -0.104376 -0.066503 
 0.178696 -0.081778 -0.074799 
 0.165051 -0.059181 -0.083095 
 0.157648 -0.034953 -0.109767 
 0.144021 -0.012385 -0.118052 
 0.130394 0.010183 -0.126337 
 0.110472 0.031208 -0.116279 
 0.096827 0.053806 -0.124575 
 0.070519 0.073438 -0.096229 
 0.056839 0.096095 -0.104547 
 0.030423 0.115906 -0.076265 
 0.016707 0.138622 -0.084605 
 0.002990 0.161338 -0.092945 
 -0.023569 0.181387 -0.064751 
 -0.037321 0.204162 -0.073113 
 -0.070444 0.223114 -0.026739 
 -0.097200 0.243489 0.001335 
 -0.111042 0.266413 -0.007081 
 -0.124884 0.289337 -0.015497 
 -0.158313 0.308794 0.030692 
 -0.172209 0.331807 0.022243 
 -0.199233 0.352627 0.050153 
 -0.213165 0.375700 0.041683 
 -0.227097 0.398772 0.033212 
 -0.241028 0.421845 0.024742 
 -0.254960 0.444917 0.016271 
 0.416421 -0.526851 0.075406 
 0.408687 -0.502008 0.048526 
 0.406919 -0.475009 0.003094 
 0.393328 -0.452501 -0.005170 
 0.391668 -0.425680 -0.050536 
 0.378113 -0.403231 -0.058777 
 0.364558 -0.380782 -0.067019 
 0.351002 -0.358333 -0.075260 
 0.337447 -0.335884 -0.083502 
 0.311782 -0.317451 -0.054750 
 0.298191 -0.294943 -0.063013 
 0.284600 -0.272435 -0.071277 
 0.271009 -0.249926 -0.079540 
 0.257418 -0.227418 -0.087804 
 0.231538 -0.208628 -0.059182 
 0.217911 -0.186061 -0.067467 
 0.204284 -0.163493 -0.075752 
 0.184459 -0.142695 -0.065628 
 0.158382 -0.123579 -0.037127 
 0.157169 -0.097501 -0.082220 
 0.143525 -0.074903 -0.090516 
 0.129880 -0.052306 -0.098812 
 0.116235 -0.029709 -0.107108 
 0.102590 -0.007111 -0.115404 
 0.088945 0.015486 -0.123700 
 0.062617 0.035018 -0.095352 
 0.036217 0.054669 -0.067046 
 0.022500 0.077385 -0.075385 
 0.008783 0.100101 -0.083725 
 -0.017760 0.119989 -0.055507 
 -0.031512 0.142765 -0.063869 
 -0.051714 0.164186 -0.053973 
 -0.078419 0.184341 -0.025853 
 -0.105196 0.204616 0.002223 
 -0.119038 0.227539 -0.006193 
 -0.132880 0.250464 -0.014609 
 -0.146722 0.273387 -0.023025 
 -0.160564 0.296312 -0.031441 
 -0.194131 0.315795 0.014686 
 -0.208027 0.338808 0.006237 
 -0.235144 0.359647 0.034106 
 -0.249076 0.382720 0.025635 
 -0.263007 0.405792 0.017165 
 -0.276939 0.428864 0.008694 
 0.396731 -0.569822 0.113473 
 0.383051 -0.547165 0.105155 
 0.387189 -0.517710 0.041115 
 0.373562 -0.495142 0.032830 
 0.371887 -0.468161 -0.012561 
 0.358296 -0.445653 -0.020825 
 0.356728 -0.418850 -0.066149 
 0.343173 -0.396401 -0.074391 
 0.329617 -0.373952 -0.082632 
 0.316062 -0.351503 -0.090874 
 0.302507 -0.329055 -0.099115 
 0.276750 -0.310603 -0.070405 
 0.263159 -0.288095 -0.078668 
 0.249568 -0.265587 -0.086932 
 0.235977 -0.243078 -0.095195 
 0.210040 -0.224330 -0.066592 
 0.196413 -0.201762 -0.074878 
 0.176577 -0.181015 -0.064752 
 0.150479 -0.162000 -0.036249 
 0.136799 -0.139343 -0.044567 
 0.123118 -0.116687 -0.052884 
 0.121998 -0.090626 -0.097936 
 0.108353 -0.068029 -0.106232 
 0.082076 -0.048716 -0.077838 
 0.068395 -0.026059 -0.086156 
 0.054715 -0.003403 -0.094474 
 0.015553 0.013041 -0.029541 
 0.001801 0.035816 -0.037902 
 -0.011951 0.058592 -0.046264 
 -0.025704 0.081367 -0.054625 
 -0.039456 0.104143 -0.062987 
 -0.053209 0.126918 -0.071348 
 -0.073438 0.148319 -0.061462 
 -0.100200 0.168433 -0.033361 
 -0.127033 0.188666 -0.005305 
 -0.147407 0.210304 0.004495 
 -0.154717 0.234514 -0.022137 
 -0.175127 0.256211 -0.012359 
 -0.202157 0.276771 0.015577 
 -0.216053 0.299784 0.007129 
 -0.243191 0.320521 0.035000 
 -0.257123 0.343594 0.026529 
 -0.271055 0.366667 0.018059 
 -0.284986 0.389739 0.009588 
 -0.298918 0.412812 0.001118 
 0.351419 -0.594970 0.180379 
 0.349567 -0.567562 0.134867 
 0.359723 -0.535699 0.052268 
 0.352064 -0.510844 0.025419 
 0.350445 -0.483822 -0.019953 
 0.336854 -0.461314 -0.028216 
 0.323263 -0.438805 -0.036480 
 0.321788 -0.412020 -0.081763 
 0.314308 -0.387463 -0.108503 
 0.294677 -0.367122 -0.098246 
 0.281122 -0.344674 -0.106487 
 0.255308 -0.326264 -0.077796 
 0.241717 -0.303755 -0.086060 
 0.228126 -0.281247 -0.094323 
 0.214535 -0.258739 -0.102586 
 0.188542 -0.240032 -0.074003 
 0.168696 -0.219335 -0.063877 
 0.155051 -0.196738 -0.072173 
 0.128896 -0.177764 -0.043689 
 0.115216 -0.155107 -0.052007 
 0.101535 -0.132450 -0.060325 
 0.100472 -0.106348 -0.105357 
 0.074174 -0.087137 -0.076960 
 0.047804 -0.067806 -0.048606 
 0.021362 -0.048357 -0.020297 
 0.007610 -0.025581 -0.028658 
 -0.006143 -0.002806 -0.037020 
 -0.019895 0.019970 -0.045381 
 -0.033647 0.042745 -0.053743 
 -0.047400 0.065521 -0.062104 
 -0.067622 0.086841 -0.052207 
 -0.074905 0.111072 -0.078827 
 -0.095163 0.132452 -0.068951 
 -0.121981 0.152524 -0.040870 
 -0.135787 0.175389 -0.049264 
 -0.162713 0.195640 -0.021249 
 -0.176555 0.218564 -0.029665 
 -0.196993 0.240241 -0.019897 
 -0.224080 0.260759 0.008020 
 -0.237976 0.283772 -0.000428 
 -0.265170 0.304468 0.027423 
 -0.279102 0.327541 0.018953 
 -0.293034 0.350614 0.010482 
 -0.306965 0.373686 0.002012 
 0.329723 -0.610816 0.172899 
 0.327927 -0.583367 0.127407 
 0.326204 -0.556036 0.081957 
 0.312523 -0.533379 0.073639 
 0.316939 -0.503978 0.009723 
 0.315413 -0.476974 -0.035608 
 0.301822 -0.454466 -0.043871 
 0.300403 -0.427640 -0.089135 
 0.286847 -0.405190 -0.097376 
 0.273292 -0.382742 -0.105618 
 0.259737 -0.360293 -0.113859 
 0.246182 -0.337844 -0.122101 
 0.220276 -0.319416 -0.093451 
 0.206685 -0.296907 -0.101714 
 0.180670 -0.278301 -0.073129 
 0.167043 -0.255734 -0.081414 
 0.134675 -0.238841 -0.034493 
 0.108463 -0.219908 -0.006028 
 0.094747 -0.197192 -0.014368 
 0.068428 -0.178081 0.014031 
 0.067313 -0.151760 -0.031047 
 0.053597 -0.129043 -0.039387 
 0.020816 -0.111468 0.007284 
 0.007046 -0.088663 -0.001089 
 -0.019507 -0.069166 0.027169 
 -0.033313 -0.046301 0.018775 
 -0.034265 -0.020247 -0.026206 
 -0.048036 0.002558 -0.034578 
 -0.061806 0.025364 -0.042951 
 -0.075576 0.048169 -0.051323 
 -0.089347 0.070974 -0.059695 
 -0.103117 0.093779 -0.068068 
 -0.129956 0.113751 -0.039984 
 -0.143762 0.136616 -0.048378 
 -0.170708 0.156766 -0.020361 
 -0.184550 0.179690 -0.028777 
 -0.198393 0.202614 -0.037193 
 -0.218859 0.224270 -0.027435 
 -0.246002 0.244747 0.000463 
 -0.259898 0.267760 -0.007986 
 -0.287149 0.288415 0.019846 
 -0.301081 0.311488 0.011376 
 -0.315013 0.334561 0.002905 
 -0.328944 0.357633 -0.005565 
 0.302038 -0.629050 0.183987 
 0.294275 -0.603887 0.157059 
 0.292571 -0.576456 0.111608 
 0.278855 -0.553739 0.103268 
 0.277260 -0.526486 0.057881 
 0.281814 -0.497112 -0.005974 
 0.268187 -0.474545 -0.014259 
 0.279018 -0.443259 -0.096507 
 0.265462 -0.420810 -0.104748 
 0.251907 -0.398361 -0.112990 
 0.238352 -0.375912 -0.121231 
 0.212425 -0.357585 -0.092579 
 0.211242 -0.331014 -0.137714 
 0.185243 -0.312568 -0.109106 
 0.159172 -0.294003 -0.080540 
 0.126773 -0.277262 -0.033616 
 0.100540 -0.258429 -0.005148 
 0.086824 -0.235713 -0.013488 
 0.060484 -0.216703 0.014914 
 0.046732 -0.193927 0.006552 
 0.032980 -0.171152 -0.001809 
 0.019227 -0.148376 -0.010171 
 -0.013675 -0.130803 0.036449 
 -0.040284 -0.111347 0.064687 
 -0.054126 -0.088424 0.056271 
 -0.055094 -0.062209 0.011267 
 -0.068900 -0.039345 0.002873 
 -0.082706 -0.016480 -0.005522 
 -0.096512 0.006385 -0.013916 
 -0.097301 0.032302 -0.058812 
 -0.124125 0.052114 -0.030704 
 -0.137931 0.074978 -0.039098 
 -0.151737 0.097843 -0.047492 
 -0.178704 0.117893 -0.019473 
 -0.192546 0.140817 -0.027889 
 -0.206388 0.163741 -0.036305 
 -0.220230 0.186665 -0.044721 
 -0.240725 0.208300 -0.034972 
 -0.267925 0.228735 -0.007094 
 -0.281821 0.251749 -0.015543 
 -0.309128 0.272362 0.012270 
 -0.336508 0.293095 0.040040 
 -0.350475 0.316227 0.031547 
 -0.364443 0.339359 0.023055 
 0.280314 -0.644917 0.176498 
 0.272579 -0.619734 0.149580 
 0.258826 -0.596958 0.141218 
 0.245074 -0.574182 0.132857 
 0.243499 -0.546828 0.087469 
 0.241996 -0.519593 0.042123 
 0.240565 -0.492476 -0.003178 
 0.233062 -0.467679 -0.029955 
 0.231757 -0.440770 -0.075181 
 0.218166 -0.418262 -0.083444 
 0.204575 -0.395753 -0.091707 
 0.190984 -0.373245 -0.099971 
 0.177393 -0.350737 -0.108234 
 0.163802 -0.328228 -0.116497 
 0.106334 -0.319667 0.004072 
 0.092617 -0.296951 -0.004268 
 0.066293 -0.278100 0.024157 
 0.052541 -0.255325 0.015796 
 0.032448 -0.234423 0.025795 
 0.005962 -0.215306 0.054124 
 -0.007844 -0.192441 0.045729 
 -0.034437 -0.173145 0.073991 
 -0.054691 -0.151976 0.083893 
 -0.068551 -0.129022 0.075466 
 -0.075963 -0.104373 0.048743 
 -0.089805 -0.081449 0.040327 
 -0.103647 -0.058525 0.031911 
 -0.104487 -0.032388 -0.013030 
 -0.118293 -0.009524 -0.021424 
 -0.119025 0.016435 -0.066301 
 -0.132795 0.039240 -0.074673 
 -0.146566 0.062045 -0.083046 
 -0.173518 0.081935 -0.055001 
 -0.200542 0.101943 -0.027001 
 -0.214384 0.124867 -0.035417 
 -0.234871 0.146422 -0.025656 
 -0.242068 0.170715 -0.052249 
 -0.262590 0.192330 -0.042510 
 -0.289847 0.212724 -0.014651 
 -0.303743 0.235737 -0.023100 
 -0.331107 0.256309 0.004693 
 -0.358543 0.277001 0.032443 
 -0.372511 0.300133 0.023951 
 -0.386478 0.323264 0.015459 
 0.258590 -0.660784 0.169009 
 0.244819 -0.637979 0.160637 
 0.231049 -0.615174 0.152264 
 0.217279 -0.592369 0.143892 
 0.203508 -0.569563 0.135520 
 0.208143 -0.539917 0.071669 
 0.194426 -0.517201 0.063329 
 0.205393 -0.485601 -0.018895 
 0.197937 -0.460813 -0.045651 
 0.184310 -0.438245 -0.053936 
 0.170683 -0.415677 -0.062221 
 0.150814 -0.395212 -0.052079 
 0.137169 -0.372614 -0.060375 
 0.123525 -0.350017 -0.068671 
 0.072102 -0.339498 0.033401 
 0.058349 -0.316722 0.025040 
 0.038265 -0.295900 0.035051 
 0.024494 -0.273095 0.026679 
 -0.002012 -0.254078 0.055009 
 -0.028591 -0.234943 0.083295 
 -0.048837 -0.213854 0.093209 
 -0.062697 -0.190900 0.084783 
 -0.076557 -0.167946 0.076356 
 -0.090417 -0.144993 0.067929 
 -0.104277 -0.122039 0.059502 
 -0.111643 -0.097399 0.032799 
 -0.125485 -0.074475 0.024383 
 -0.139327 -0.051551 0.015967 
 -0.140074 -0.025432 -0.028933 
 -0.153880 -0.002568 -0.037327 
 -0.154520 0.023373 -0.082162 
 -0.181493 0.043162 -0.054115 
 -0.208537 0.063069 -0.026113 
 -0.222379 0.085993 -0.034529 
 -0.236221 0.108917 -0.042945 
 -0.256736 0.130452 -0.033194 
 -0.263905 0.154765 -0.059777 
 -0.284456 0.176359 -0.050048 
 -0.298316 0.199313 -0.058475 
 -0.325665 0.219725 -0.030657 
 -0.353086 0.240256 -0.002884 
 -0.367018 0.263329 -0.011354 
 -0.380949 0.286401 -0.019825 
 -0.408514 0.307170 0.007863 
 0.223095 -0.653846 0.153148 
 0.197105 -0.635821 0.181808 
 0.183299 -0.612956 0.173413 
 0.181784 -0.585430 0.128031 
 0.168014 -0.562625 0.119658 
 0.154243 -0.539820 0.111286 
 0.140473 -0.517015 0.102914 
 0.126703 -0.494209 0.094541 
 0.131637 -0.464858 0.030851 
 0.117921 -0.442141 0.022511 
 0.104204 -0.419425 0.014171 
 0.090488 -0.396709 0.005832 
 0.045237 -0.384310 0.089472 
 0.031431 -0.361445 0.081077 
 0.017625 -0.338581 0.072683 
 0.003819 -0.315716 0.064289 
 -0.022744 -0.296741 0.092599 
 -0.036586 -0.273817 0.084183 
 -0.056843 -0.252778 0.094099 
 -0.070703 -0.229824 0.085672 
 -0.097463 -0.210522 0.113862 
 -0.098423 -0.183917 0.068818 
 -0.112283 -0.160963 0.060391 
 -0.126143 -0.138009 0.051964 
 -0.133480 -0.113349 0.025271 
 -0.147322 -0.090425 0.016855 
 -0.161164 -0.067501 0.008439 
 -0.161855 -0.041341 -0.036441 
 -0.175661 -0.018476 -0.044835 
 -0.189468 0.004389 -0.053229 
 -0.203274 0.027253 -0.061624 
 -0.230375 0.047119 -0.033641 
 -0.244217 0.070044 -0.042057 
 -0.258059 0.092968 -0.050473 
 -0.278602 0.114482 -0.040732 
 -0.285743 0.138816 -0.067305 
 -0.306322 0.160389 -0.057585 
 -0.320182 0.183343 -0.066012 
 -0.347588 0.203714 -0.038215 
 -0.361483 0.226727 -0.046663 
 -0.388997 0.247276 -0.018931 
 -0.402928 0.270348 -0.027401 
 0.175324 -0.651729 0.174299 
 0.161518 -0.628865 0.165905 
 0.147712 -0.606000 0.157511 
 0.133906 -0.583135 0.149117 
 0.120100 -0.560271 0.140723 
 0.106293 -0.537406 0.132328 
 0.092487 -0.514541 0.123934 
 0.078681 -0.491677 0.115540 
 0.064875 -0.468812 0.107146 
 0.051069 -0.445948 0.098752 
 0.037263 -0.423083 0.090357 
 0.010787 -0.404387 0.118735 
 -0.003055 -0.381462 0.110319 
 -0.016897 -0.358539 0.101903 
 -0.030740 -0.335614 0.093487 
 -0.044582 -0.312690 0.085071 
 -0.064849 -0.291702 0.094988 
 -0.091594 -0.272560 0.123202 
 -0.105490 -0.249547 0.114753 
 -0.119385 -0.226534 0.106305 
 -0.133281 -0.203521 0.097856 
 -0.147177 -0.180508 0.089407 
 -0.148008 -0.153980 0.044426 
 -0.161868 -0.131026 0.036000 
 -0.169160 -0.106374 0.009327 
 -0.183002 -0.083450 0.000911 
 -0.196844 -0.060526 -0.007505 
 -0.197442 -0.034384 -0.052344 
 -0.211249 -0.011520 -0.060738 
 -0.238370 0.008246 -0.032753 
 -0.252212 0.031170 -0.041169 
 -0.266054 0.054094 -0.049585 
 -0.279896 0.077018 -0.058001 
 -0.293738 0.099942 -0.066417 
 -0.307580 0.122866 -0.074833 
 -0.321422 0.145790 -0.083249 
 -0.342048 0.167372 -0.073550 
 -0.369510 0.187702 -0.045772 
 -0.383406 0.210715 -0.054220 
 -0.397302 0.233728 -0.062669 
 -0.424907 0.254295 -0.034978 
 0.141211 -0.672500 0.203783 
 0.139737 -0.644773 0.158397 
 0.125931 -0.621908 0.150002 
 0.112125 -0.599044 0.141608 
 0.110795 -0.571554 0.096308 
 0.084513 -0.553315 0.124820 
 0.070706 -0.530450 0.116426 
 0.056900 -0.507585 0.108032 
 0.043094 -0.484721 0.099637 
 0.029288 -0.461856 0.091243 
 0.015482 -0.438991 0.082849 
 -0.011051 -0.420336 0.111207 
 -0.024893 -0.397412 0.102791 
 -0.038735 -0.374488 0.094375 
 -0.052577 -0.351564 0.085959 
 -0.072854 -0.330626 0.095877 
 -0.086715 -0.307672 0.087450 
 -0.113516 -0.288572 0.115645 
 -0.127412 -0.265559 0.107196 
 -0.141308 -0.242546 0.098748 
 -0.155204 -0.219532 0.090299 
 -0.169099 -0.196519 0.081850 
 -0.169874 -0.169950 0.036889 
 -0.183734 -0.146996 0.028462 
 -0.190997 -0.122324 0.001799 
 -0.204839 -0.099400 -0.006617 
 -0.218682 -0.076476 -0.015033 
 -0.232524 -0.053552 -0.023449 
 -0.246366 -0.030628 -0.031865 
 -0.260208 -0.007704 -0.040281 
 -0.274050 0.015220 -0.048697 
 -0.294614 0.036633 -0.038953 
 -0.308474 0.059587 -0.047380 
 -0.322334 0.082541 -0.055807 
 -0.329418 0.106916 -0.082361 
 -0.343260 0.129840 -0.090777 
 -0.363914 0.151402 -0.081088 
 -0.391433 0.171690 -0.053329 
 -0.405328 0.194703 -0.061778 
 -0.419224 0.217717 -0.070226 
 -0.446886 0.238242 -0.042555 
 0.119374 -0.688450 0.196255 
 0.105532 -0.665526 0.187839 
 0.104150 -0.637817 0.142494 
 0.090344 -0.614952 0.134100 
 0.076538 -0.592087 0.125706 
 0.062732 -0.569223 0.117311 
 0.048925 -0.546358 0.108917 
 0.035119 -0.523494 0.100523 
 0.021313 -0.500629 0.092129 
 0.007507 -0.477764 0.083735 
 -0.006299 -0.454900 0.075341 
 -0.032889 -0.436286 0.103679 
 -0.046731 -0.413362 0.095263 
 -0.060573 -0.390438 0.086847 
 -0.074415 -0.367514 0.078431 
 -0.088257 -0.344590 0.070015 
 -0.108580 -0.323642 0.079912 
 -0.122440 -0.300689 0.071485 
 -0.136300 -0.277735 0.063059 
 -0.163230 -0.258557 0.091190 
 -0.164020 -0.231828 0.046205 
 -0.177880 -0.208874 0.037778 
 -0.191740 -0.185920 0.029351 
 -0.205600 -0.162967 0.020924 
 -0.212835 -0.138274 -0.005729 
 -0.226677 -0.115350 -0.014145 
 -0.240519 -0.092426 -0.022561 
 -0.254361 -0.069502 -0.030977 
 -0.268203 -0.046578 -0.039393 
 -0.282045 -0.023654 -0.047809 
 -0.295887 -0.000730 -0.056225 
 -0.316480 0.020663 -0.046491 
 -0.330340 0.043617 -0.054918 
 -0.357772 0.063626 -0.027091 
 -0.351255 0.090967 -0.089889 
 -0.365097 0.113890 -0.098304 
 -0.385780 0.135432 -0.088625 
 -0.440786 0.150265 0.011447 
 -0.454754 0.173397 0.002955 
 -0.441147 0.201705 -0.077783 
 0.097536 -0.704400 0.188727 
 0.083694 -0.681476 0.180311 
 0.082369 -0.653725 0.134986 
 0.068563 -0.630861 0.126591 
 0.054757 -0.607996 0.118197 
 0.040951 -0.585131 0.109803 
 0.027144 -0.562267 0.101409 
 0.013338 -0.539402 0.093015 
 -0.000468 -0.516537 0.084620 
 -0.014274 -0.493673 0.076226 
 -0.028080 -0.470808 0.067832 
 -0.041886 -0.447944 0.059438 
 -0.055693 -0.425079 0.051044 
 -0.082410 -0.406388 0.079319 
 -0.096252 -0.383464 0.070903 
 -0.110094 -0.360539 0.062487 
 -0.130446 -0.339613 0.072375 
 -0.144306 -0.316659 0.063948 
 -0.158166 -0.293706 0.055521 
 -0.172026 -0.270752 0.047094 
 -0.185886 -0.247798 0.038667 
 -0.199746 -0.224844 0.030240 
 -0.213606 -0.201891 0.021813 
 -0.227466 -0.178937 0.013386 
 -0.234673 -0.154223 -0.013257 
 -0.248515 -0.131299 -0.021673 
 -0.262357 -0.108375 -0.030089 
 -0.276199 -0.085451 -0.038505 
 -0.290041 -0.062527 -0.046921 
 -0.303883 -0.039603 -0.055337 
 -0.324486 -0.018261 -0.045602 
 -0.338346 0.004693 -0.054029 
 -0.352206 0.027646 -0.062456 
 -0.379694 0.047615 -0.034649 
 -0.379925 0.073554 -0.079309 
 -0.386935 0.097941 -0.105832 
 -0.435118 0.113847 -0.023826 
 -0.462822 0.134171 0.003851 
 -0.476789 0.157303 -0.004642 
 0.048015 -0.674502 0.164367 
 0.046782 -0.646769 0.119083 
 0.032976 -0.623904 0.110689 
 0.019170 -0.601040 0.102295 
 0.005363 -0.578175 0.093900 
 -0.008443 -0.555310 0.085506 
 -0.009460 -0.527934 0.040352 
 -0.036055 -0.509581 0.068718 
 -0.049861 -0.486716 0.060324 
 -0.063667 -0.463852 0.051929 
 -0.077474 -0.440987 0.043535 
 -0.091280 -0.418123 0.035141 
 -0.118090 -0.399413 0.063375 
 -0.131932 -0.376489 0.054959 
 -0.152312 -0.355583 0.064837 
 -0.166172 -0.332629 0.056410 
 -0.180032 -0.309676 0.047983 
 -0.193892 -0.286722 0.039556 
 -0.207752 -0.263768 0.031129 
 -0.221612 -0.240815 0.022703 
 -0.235472 -0.217861 0.014276 
 -0.249332 -0.194907 0.005849 
 -0.263192 -0.171954 -0.002578 
 -0.277052 -0.149000 -0.011005 
 -0.290912 -0.126046 -0.019432 
 -0.304772 -0.103092 -0.027859 
 -0.318632 -0.080139 -0.036286 
 -0.332491 -0.057185 -0.044713 
 -0.346351 -0.034231 -0.053139 
 -0.360211 -0.011278 -0.061566 
 -0.374071 0.011676 -0.069993 
 -0.401617 0.031603 -0.042206 
 -0.415512 0.054616 -0.050654 
 -0.429408 0.077629 -0.059103 
 -0.470890 0.094945 0.004747 
 -0.484857 0.118077 -0.003745 
 -0.498825 0.141209 -0.012238 
 0.038807 -0.685542 0.119969 
 0.025001 -0.662677 0.111574 
 0.011195 -0.639813 0.103180 
 -0.002611 -0.616948 0.094786 
 -0.016418 -0.594083 0.086392 
 -0.030224 -0.571219 0.077998 
 -0.031184 -0.543801 0.032863 
 -0.044955 -0.520996 0.024490 
 -0.071642 -0.502625 0.052815 
 -0.085448 -0.479760 0.044421 
 -0.099255 -0.456896 0.036027 
 -0.113061 -0.434031 0.027633 
 -0.139927 -0.415363 0.055847 
 -0.153769 -0.392439 0.047431 
 -0.174178 -0.371554 0.057299 
 -0.188038 -0.348600 0.048872 
 -0.201898 -0.325646 0.040446 
 -0.215758 -0.302693 0.032019 
 -0.229618 -0.279739 0.023592 
 -0.243478 -0.256785 0.015165 
 -0.257338 -0.233831 0.006738 
 -0.271198 -0.210878 -0.001689 
 -0.285058 -0.187924 -0.010116 
 -0.298918 -0.164970 -0.018543 
 -0.312777 -0.142017 -0.026970 
 -0.326638 -0.119063 -0.035397 
 -0.340497 -0.096109 -0.043823 
 -0.354357 -0.073156 -0.052250 
 -0.368217 -0.050202 -0.060677 
 -0.395747 -0.030435 -0.032866 
 -0.409643 -0.007422 -0.041314 
 -0.423539 0.015591 -0.049763 
 -0.437435 0.038604 -0.058212 
 -0.465144 0.058668 -0.030509 
 -0.492925 0.078851 -0.002849 
 -0.506893 0.101982 -0.011342 
 -0.520860 0.125114 -0.019834 
 -0.010586 -0.655721 0.095672 
 -0.011598 -0.628084 0.050491 
 -0.025368 -0.605279 0.042118 
 -0.039138 -0.582474 0.033746 
 -0.052909 -0.559668 0.025374 
 -0.066679 -0.536863 0.017001 
 -0.080449 -0.514058 0.008629 
 -0.094220 -0.491253 0.000257 
 -0.107990 -0.468447 -0.008116 
 -0.121760 -0.445642 -0.016488 
 -0.148648 -0.427075 0.011730 
 -0.162454 -0.404210 0.003336 
 -0.189449 -0.385465 0.031488 
 -0.209904 -0.364570 0.041335 
 -0.223764 -0.341617 0.032908 
 -0.237623 -0.318663 0.024481 
 -0.251484 -0.295709 0.016054 
 -0.265343 -0.272755 0.007627 
 -0.279203 -0.249802 -0.000800 
 -0.293063 -0.226848 -0.009227 
 -0.306923 -0.203894 -0.017654 
 -0.320783 -0.180941 -0.026080 
 -0.334643 -0.157987 -0.034507 
 -0.348503 -0.135033 -0.042934 
 -0.362363 -0.112079 -0.051361 
 -0.376223 -0.089126 -0.059788 
 -0.390083 -0.066172 -0.068215 
 -0.417670 -0.046447 -0.040423 
 -0.431566 -0.023433 -0.048871 
 -0.459260 -0.003530 -0.021145 
 -0.473191 0.019543 -0.029615 
 -0.487123 0.042615 -0.038086 
 -0.514961 0.062756 -0.010446 
 -0.528928 0.085888 -0.018938 
 -0.542896 0.109020 -0.027430 
 -0.046173 -0.648765 0.079769 
 -0.047093 -0.621146 0.034630 
 -0.060863 -0.598341 0.026257 
 -0.068154 -0.573218 -0.000466 
 -0.088404 -0.552730 0.009512 
 -0.102174 -0.529925 0.001140 
 -0.115944 -0.507120 -0.007232 
 -0.129714 -0.484314 -0.015605 
 -0.143485 -0.461509 -0.023977 
 -0.157255 -0.438704 -0.032349 
 -0.184235 -0.420118 -0.004173 
 -0.198041 -0.397254 -0.012567 
 -0.225128 -0.378490 0.015544 
 -0.238970 -0.355566 0.007128 
 -0.259489 -0.334633 0.016943 
 -0.273349 -0.311679 0.008516 
 -0.287209 -0.288726 0.000089 
 -0.301069 -0.265772 -0.008337 
 -0.314929 -0.242819 -0.016764 
 -0.328789 -0.219865 -0.025191 
 -0.342649 -0.196911 -0.033618 
 -0.370113 -0.177524 -0.005737 
 -0.384009 -0.154511 -0.014185 
 -0.397905 -0.131498 -0.022634 
 -0.411800 -0.108485 -0.031083 
 -0.425696 -0.085471 -0.039531 
 -0.453375 -0.065728 -0.011781 
 -0.467307 -0.042656 -0.020251 
 -0.495094 -0.022734 0.007435 
 -0.495170 0.003490 -0.037192 
 -0.509102 0.026562 -0.045663 
 -0.536996 0.046662 -0.018042 
 -0.550964 0.069794 -0.026534 
 -0.564932 0.092926 -0.035026 
 -0.068817 -0.637013 0.027141 
 -0.082587 -0.614208 0.018768 
 -0.089850 -0.589064 -0.007945 
 -0.110128 -0.568597 0.002023 
 -0.123898 -0.545792 -0.006349 
 -0.137669 -0.522987 -0.014721 
 -0.144860 -0.497962 -0.041391 
 -0.165209 -0.477376 -0.031466 
 -0.178979 -0.454571 -0.039838 
 -0.206016 -0.436027 -0.011681 
 -0.233124 -0.417364 0.016432 
 -0.246966 -0.394440 0.008016 
 -0.260808 -0.371516 -0.000400 
 -0.281355 -0.350604 0.009406 
 -0.295215 -0.327650 0.000979 
 -0.309075 -0.304696 -0.007448 
 -0.322935 -0.281742 -0.015875 
 -0.350348 -0.262575 0.012052 
 -0.364244 -0.239562 0.003604 
 -0.378140 -0.216549 -0.004845 
 -0.405696 -0.197143 0.022995 
 -0.419627 -0.174071 0.014525 
 -0.433559 -0.150998 0.006054 
 -0.433723 -0.124496 -0.038640 
 -0.461422 -0.104854 -0.010887 
 -0.475354 -0.081781 -0.019357 
 -0.503162 -0.061960 0.008331 
 -0.517129 -0.038828 -0.000161 
 -0.531097 -0.015696 -0.008653 
 -0.545064 0.007436 -0.017146 
 -0.559032 0.030568 -0.025638 
 -0.572999 0.053699 -0.034130 
 -0.586967 0.076832 -0.042623 
 -0.118082 -0.607270 0.002907 
 -0.131852 -0.584464 -0.005465 
 -0.145623 -0.561659 -0.013838 
 -0.159393 -0.538854 -0.022210 
 -0.173163 -0.516048 -0.030583 
 -0.186933 -0.493243 -0.038955 
 -0.213991 -0.474800 -0.010795 
 -0.227797 -0.451935 -0.019190 
 -0.254961 -0.433314 0.008904 
 -0.268804 -0.410390 0.000488 
 -0.282646 -0.387466 -0.007928 
 -0.296488 -0.364542 -0.016344 
 -0.317081 -0.343620 -0.006559 
 -0.330941 -0.320666 -0.014986 
 -0.358374 -0.301600 0.012944 
 -0.372270 -0.278587 0.004495 
 -0.386166 -0.255573 -0.003954 
 -0.400062 -0.232560 -0.012402 
 -0.427675 -0.213196 0.015418 
 -0.441606 -0.190124 0.006948 
 -0.455538 -0.167051 -0.001523 
 -0.469470 -0.143979 -0.009993 
 -0.483401 -0.120906 -0.018464 
 -0.511230 -0.101186 0.009227 
 -0.525197 -0.078054 0.000735 
 -0.546149 -0.056539 0.010301 
 -0.553133 -0.031790 -0.016250 
 -0.567100 -0.008659 -0.024742 
 -0.581068 0.014473 -0.033234 
 -0.580923 0.040601 -0.077757 
 -0.594855 0.063673 -0.086227 
 -0.153577 -0.600331 -0.012954 
 -0.167347 -0.577526 -0.021327 
 -0.181117 -0.554721 -0.029699 
 -0.194888 -0.531915 -0.038072 
 -0.208658 -0.509111 -0.046444 
 -0.222428 -0.486305 -0.054816 
 -0.236199 -0.463500 -0.063189 
 -0.276799 -0.449263 0.001376 
 -0.290641 -0.426339 -0.007040 
 -0.304483 -0.403415 -0.015456 
 -0.325087 -0.382544 -0.005670 
 -0.338947 -0.359590 -0.014097 
 -0.352807 -0.336637 -0.022524 
 -0.380297 -0.317611 0.005387 
 -0.394193 -0.294598 -0.003062 
 -0.408089 -0.271585 -0.011511 
 -0.421984 -0.248572 -0.019959 
 -0.449654 -0.229249 0.007842 
 -0.477395 -0.209808 0.035600 
 -0.477517 -0.183104 -0.009099 
 -0.491449 -0.160032 -0.017570 
 -0.505380 -0.136959 -0.026040 
 -0.533265 -0.117280 0.001631 
 -0.554227 -0.095816 0.011198 
 -0.568213 -0.072654 0.002695 
 -0.575168 -0.047885 -0.023846 
 -0.589135 -0.024753 -0.032338 
 -0.603103 -0.001621 -0.040830 
 -0.602902 0.024548 -0.085334 
 -0.616834 0.047620 -0.093804 
 -0.189071 -0.593393 -0.028816 
 -0.202842 -0.570588 -0.037188 
 -0.216612 -0.547783 -0.045561 
 -0.230382 -0.524978 -0.053933 
 -0.244153 -0.502172 -0.062305 
 -0.271359 -0.483752 -0.034206 
 -0.298637 -0.465213 -0.006152 
 -0.312479 -0.442289 -0.014568 
 -0.326321 -0.419365 -0.022984 
 -0.346953 -0.398515 -0.013208 
 -0.360813 -0.375561 -0.021634 
 -0.374673 -0.352607 -0.030061 
 -0.402219 -0.333623 -0.002171 
 -0.416115 -0.310610 -0.010619 
 -0.430011 -0.287597 -0.019068 
 -0.457701 -0.268375 0.008736 
 -0.471633 -0.245302 0.000265 
 -0.499431 -0.225902 0.028004 
 -0.513398 -0.202770 0.019512 
 -0.527366 -0.179638 0.011019 
 -0.541333 -0.156506 0.002527 
 -0.555301 -0.133375 -0.005965 
 -0.576291 -0.111930 0.003592 
 -0.590277 -0.088769 -0.004911 
 -0.604262 -0.065607 -0.013414 
 -0.611171 -0.040847 -0.039934 
 -0.238336 -0.563650 -0.053049 
 -0.252107 -0.540845 -0.061422 
 -0.265877 -0.518039 -0.069794 
 -0.293140 -0.499660 -0.041715 
 -0.320474 -0.481163 -0.013680 
 -0.334316 -0.458239 -0.022096 
 -0.354959 -0.437439 -0.012318 
 -0.368819 -0.414485 -0.020745 
 -0.396350 -0.395661 0.007170 
 -0.410246 -0.372648 -0.001279 
 -0.437885 -0.353645 0.026570 
 -0.451817 -0.330573 0.018100 
 -0.465748 -0.307500 0.009629 
 -0.493531 -0.288260 0.037392 
 -0.507499 -0.265128 0.028900 
 -0.521466 -0.241997 0.020408 
 -0.535434 -0.218865 0.011916 
 -0.549401 -0.195733 0.003423 
 -0.563369 -0.172601 -0.005069 
 -0.584369 -0.151207 0.004490 
 -0.598355 -0.128046 -0.004014 
 -0.612340 -0.104884 -0.012517 
 -0.626326 -0.081723 -0.021020 
 -0.301115 -0.538433 -0.040829 
 -0.314921 -0.515569 -0.049223 
 -0.342312 -0.497112 -0.021208 
 -0.362964 -0.476363 -0.011429 
 -0.376824 -0.453409 -0.019856 
 -0.404377 -0.434686 0.008061 
 -0.418272 -0.411672 -0.000388 
 -0.432168 -0.388659 -0.008836 
 -0.459864 -0.369698 0.018994 
 -0.473795 -0.346626 0.010523 
 -0.501599 -0.327486 0.038289 
 -0.515567 -0.304355 0.029796 
 -0.529534 -0.281223 0.021304 
 -0.550491 -0.259968 0.030896 
 -0.557469 -0.234959 0.004319 
 -0.571437 -0.211827 -0.004173 
 -0.585405 -0.188695 -0.012665 
 -0.599372 -0.165563 -0.021158 
 -0.613340 -0.142432 -0.029650 
 -0.627307 -0.119299 -0.038142 
 -0.384830 -0.492333 -0.018967 
 -0.398690 -0.469379 -0.027394 
 -0.426299 -0.450697 0.000504 
 -0.453980 -0.431896 0.028358 
 -0.467911 -0.408824 0.019887 
 -0.495700 -0.389845 0.047677 
 -0.509667 -0.366713 0.039185 
 -0.523635 -0.343581 0.030692 
 -0.544584 -0.322406 0.040297 
 -0.551570 -0.297317 0.013708 
 -0.572555 -0.276083 0.023291 
 -0.586541 -0.252922 0.014787 
 -0.600526 -0.229760 0.006284 
 -0.614512 -0.206599 -0.002219 
 -0.621407 -0.181658 -0.028754 
 -0.635375 -0.158526 -0.037246 
 -0.649343 -0.135394 -0.045738 
 -0.524692 -0.408006 0.058201 
 -0.531703 -0.382807 0.031588 
 -0.552663 -0.361683 0.041194 
 -0.566648 -0.338521 0.032691 
 -0.580634 -0.315360 0.024188 
 -0.594619 -0.292198 0.015685 
 -0.608605 -0.269037 0.007181 
 -0.622590 -0.245875 -0.001322 
 -0.636575 -0.222714 -0.009825 
 -0.643443 -0.197752 -0.036350 
 -0.643139 -0.171079 -0.080865 
 -0.657070 -0.148007 -0.089335 
 -0.574726 -0.377798 0.033588 
 -0.602790 -0.358634 0.061241 
 -0.602697 -0.331475 0.016582 
 -0.630832 -0.312192 0.044191 
 -0.644854 -0.288971 0.035666 
 -0.658875 -0.265750 0.027141 
 -0.672896 -0.242529 0.018616 
 -0.672625 -0.215667 -0.025934 
 -0.679446 -0.190714 -0.052438 
 -0.693414 -0.167582 -0.060931 
 -0.638931 -0.351570 0.045090 
 -0.652952 -0.328349 0.036565 
 -0.666974 -0.305127 0.028040 
 -0.695272 -0.285708 0.055563 
 -0.695017 -0.258686 0.010990 
 -0.694689 -0.231782 -0.033540 
 -0.687097 -0.203185 -0.096018 
 -0.701028 -0.180113 -0.104489 
 -0.717449 -0.301906 0.047918 
 -0.717137 -0.274842 0.003365 
 -0.731158 -0.251621 -0.005160 
 -0.709076 -0.219238 -0.103595 
 -0.723007 -0.196166 -0.112065 
 -0.739257 -0.290998 -0.004261 
 